; delay definitions
define delay tau1
"tau1=d3*(1+cnst1+2*cnst2)-p1/2"
define delay tau2
"tau2=d3*(1-cnst2)-p1"
define delay tau3 
"tau3 = 2*d3*(1-cnst2)-p1"
define delay tau1p 
"tau1p = d3*2*(1-cnst1+2*cnst2)-p1"

; reverse delays (flip sign of cnst1 and cnst2)
define list<delay> tau1r = {0.00000265 0.00000273 0.00000281 0.00000289 0.00000297 0.00000305 0.00000313 0.00000321 0.00000329 0.00000337}
define list<delay> tau2r = {0.00000330 0.00000326 0.00000322 0.00000318 0.00000314 0.00000310 0.00000306 0.00000302 0.00000298 0.00000294}
define list<delay> tau3r = {0.00000770 0.00000762 0.00000754 0.00000746 0.00000738 0.00000730 0.00000722 0.00000714 0.00000706 0.00000698}
define list<delay> tau1pr = {0.00000530 0.00000546 0.00000562 0.00000578 0.00000594 0.00000610 0.00000626 0.00000642 0.00000658 0.00000674}

"l1=0"  ; start the evolution counter at 0

; forward time evolution, controlled by cnst2 variable
; backward time evolution variable and precompiled
; td2 = max 25, time evo
; td1 = 10, backwards list length


1   ze

2
d1 rpp1 rpp2 rpp3 rpp4 rpp5 rpp6 rpp7 rpp8
100u pl2:f2

(p1 ph0):f2

; Forward evolution loop
4
tau1
(p1 ph1^):f2
tau2
(p1 ph2^):f2
tau3
(p1 ph3^):f2
tau2
(p1 ph4^):f2
tau1p
(p1 ph1^):f2
tau2
(p1 ph2^):f2
tau3
(p1 ph3^):f2
tau2
(p1 ph4^):f2
tau1

lo to 4 times l1

1.5u

; Time-reversed evolution loop
5
tau1r
(p1 ph5^):f2
tau2r
(p1 ph6^):f2
tau3r
(p1 ph7^):f2
tau2r
(p1 ph8^):f2
tau1pr
(p1 ph5^):f2
tau2r
(p1 ph6^):f2
tau3r
(p1 ph7^):f2
tau2r
(p1 ph8^):f2
tau1r

lo to 5 times l1

; make sure when l1=0 we don't mess up control
1.5u
(p1 ph9):f2
1m
(p1 ph30):f2

go=2 ph31
1m wr #0 if #0

iu1
iu1

25m ip5*160
25m ip6*160
25m ip7*160
25m ip8*160
25m ip9*320

lo to 2 times td2

;reset time evo counter
5m ru1

;reset phase programs
25m rp5 
25m rp6
25m rp7
25m rp8
25m rp9

;update time reversal strength
5m tau1r.inc
5m tau2r.inc
5m tau3r.inc
5m tau1pr.inc

lo to 2 times td1

exit

ph0 = (360) 90 270

; Forward phase programs (frame-change, 10° increments)
ph1 = (360) 10 50 270 310 170 210 70 110 330 10 230 270 130 170 30 70 290 330 190 230 90 130 350 30 250 290 150 190 50 90 310 350 210 250 110 150 10 50 270 310 170 210 70 110 330 10 230 270 130 170 30 70 290 330 190 230 90 130 350 30 250 290 150 190 50 90 310 350 210 250 110 150 10 50 270 310 170 210 70 110 330 10 230 270 130 170 30 70 290 330 190 230 90 130 350 30 250 290 150 190
ph2 = (360) 110 150 10 50 270 310 170 210 70 110 330 10 230 270 130 170 30 70 290 330 190 230 90 130 350 30 250 290 150 190 50 90 310 350 210 250 110 150 10 50 270 310 170 210 70 110 330 10 230 270 130 170 30 70 290 330 190 230 90 130 350 30 250 290 150 190 50 90 310 350 210 250 110 150 10 50 270 310 170 210 70 110 330 10 230 270 130 170 30 70 290 330 190 230 90 130 350 30 250 290
ph3 = (360) 120 160 20 60 280 320 180 220 80 120 340 20 240 280 140 180 40 80 300 340 200 240 100 140 0 40 260 300 160 200 60 100 320 0 220 260 120 160 20 60 280 320 180 220 80 120 340 20 240 280 140 180 40 80 300 340 200 240 100 140 0 40 260 300 160 200 60 100 320 0 220 260 120 160 20 60 280 320 180 220 80 120 340 20 240 280 140 180 40 80 300 340 200 240 100 140 0 40 260 300
ph4 = (360) 40 80 300 340 200 240 100 140 0 40 260 300 160 200 60 100 320 0 220 260 120 160 20 60 280 320 180 220 80 120 340 20 240 280 140 180 40 80 300 340 200 240 100 140 0 40 260 300 160 200 60 100 320 0 220 260 120 160 20 60 280 320 180 220 80 120 340 20 240 280 140 180 40 80 300 340 200 240 100 140 0 40 260 300 160 200 60 100 320 0 220 260 120 160 20 60 280 320 180 220

; Reverse phase programs (frame-change, 10° increments)
ph5 = (360) 10 50 270 310 170 210 70 110 330 10 230 270 130 170 30 70 290 330 190 230 90 130 350 30 250 290 150 190 50 90 310 350 210 250 110 150 10 50 270 310 170 210 70 110 330 10 230 270 130 170 30 70 290 330 190 230 90 130 350 30 250 290 150 190 50 90 310 350 210 250 110 150 10 50 270 310 170 210 70 110 330 10 230 270 130 170 30 70 290 330 190 230 90 130 350 30 250 290 150 190
ph6 = (360) 110 150 10 50 270 310 170 210 70 110 330 10 230 270 130 170 30 70 290 330 190 230 90 130 350 30 250 290 150 190 50 90 310 350 210 250 110 150 10 50 270 310 170 210 70 110 330 10 230 270 130 170 30 70 290 330 190 230 90 130 350 30 250 290 150 190 50 90 310 350 210 250 110 150 10 50 270 310 170 210 70 110 330 10 230 270 130 170 30 70 290 330 190 230 90 130 350 30 250 290
ph7 = (360) 120 160 20 60 280 320 180 220 80 120 340 20 240 280 140 180 40 80 300 340 200 240 100 140 0 40 260 300 160 200 60 100 320 0 220 260 120 160 20 60 280 320 180 220 80 120 340 20 240 280 140 180 40 80 300 340 200 240 100 140 0 40 260 300 160 200 60 100 320 0 220 260 120 160 20 60 280 320 180 220 80 120 340 20 240 280 140 180 40 80 300 340 200 240 100 140 0 40 260 300
ph8 = (360) 40 80 300 340 200 240 100 140 0 40 260 300 160 200 60 100 320 0 220 260 120 160 20 60 280 320 180 220 80 120 340 20 240 280 140 180 40 80 300 340 200 240 100 140 0 40 260 300 160 200 60 100 320 0 220 260 120 160 20 60 280 320 180 220 80 120 340 20 240 280 140 180 40 80 300 340 200 240 100 140 0 40 260 300 160 200 60 100 320 0 220 260 120 160 20 60 280 320 180 220

; final pulse
ph9 = (360) 280 100

ph30 = (360) 90 270
ph31 = 0 2
