; delay definitions
define delay tau1
"tau1=d3*(1+cnst1+2*cnst2)-p1/2"
define delay tau2
"tau2=d3*(1-cnst2)-p1"
define delay tau3 
"tau3 = 2*d3*(1-cnst2)-p1"
define delay tau1p 
"tau1p = d3*2*(1-cnst1+2*cnst2)-p1"
define delay tau1r
"tau1r=d3*(1-cnst1-2*cnst2)-p1/2"
define delay tau2r
"tau2r=d3*(1+cnst2)-p1"
define delay tau3r 
"tau3r = 2*d3*(1+cnst2)-p1"
define delay tau1pr 
"tau1pr = d3*2*(1+cnst1-2*cnst2)-p1"
"l1=0"  ; start the evolution counter at 0

1   ze

2
d1 rpp1 rpp2 rpp3 rpp4 rpp7 rpp8 rpp9 rpp10
100u pl2:f2

(p1 ph0):f2
1.5u

4
tau1
(p1 ph1^):f2
tau2
(p1 ph2^):f2
tau3
(p1 ph3^):f2
tau2
(p1 ph4^):f2
tau1p
(p1 ph1^):f2
tau2
(p1 ph2^):f2
tau3
(p1 ph3^):f2
tau2
(p1 ph4^):f2
tau1

lo to 4 times l1

(p1 ph5):f2
2.5u
(p1 ph6):f2
1.5u

6
tau1r
(p1 ph7^):f2
tau2r
(p1 ph8^):f2
tau3r
(p1 ph9^):f2
tau2r
(p1 ph10^):f2
tau1pr
(p1 ph7^):f2
tau2r
(p1 ph8^):f2
tau3r
(p1 ph9^):f2
tau2r
(p1 ph10^):f2
tau1r

lo to 6 times l1

(p1 ph11):f2

1m
(p1 ph30):f2

go=2 ph31
5m wr #0 if #0

50m ip6*18
50m ip7*18
50m ip8*18
50m ip9*18
50m ip10*18
50m ip11*18

lo to 2 times td2

iu1
iu1

50m ip5*176
50m ip6*176
50m ip7*176
50m ip8*176
50m ip9*176
50m ip10*176
50m ip11*352

lo to 2 times td1

exit

ph0 = (360) 90 270

ph1 = (360) 11 55 279 323 187 231 95 139 3 47 271 315 179 223 87 131 355 39 263 307 171 215 79 123 347 31 255 299 163 207 71 115 339 23 247 291 155 199 63 107 331 15 239 283 147 191 55 99 323 7 231 275 139 183 47 91 315 359 223 267 131 175 39 83 307 351 215 259 123 167 31 75 299 343 207 251 115 159 23 67 291 335 199 243 107 151 15 59 283 327 191 235 99 143 7 51 275 319 183 227
ph2 = (360) 112 156 20 64 288 332 196 240 104 148 12 56 280 324 188 232 96 140 4 48 272 316 180 224 88 132 356 40 264 308 172 216 80 124 348 32 256 300 164 208 72 116 340 24 248 292 156 200 64 108 332 16 240 284 148 192 56 100 324 8 232 276 140 184 48 92 316 0 224 268 132 176 40 84 308 352 216 260 124 168 32 76 300 344 208 252 116 160 24 68 292 336 200 244 108 152 16 60 284 328
ph3 = (360) 123 167 31 75 299 343 207 251 115 159 23 67 291 335 199 243 107 151 15 59 283 327 191 235 99 143 7 51 275 319 183 227 91 135 359 43 267 311 175 219 83 127 351 35 259 303 167 211 75 119 343 27 251 295 159 203 67 111 335 19 243 287 151 195 59 103 327 11 235 279 143 187 51 95 319 3 227 271 135 179 43 87 311 355 219 263 127 171 35 79 303 347 211 255 119 163 27 71 295 339
ph4 = (360) 44 88 312 356 220 264 128 172 36 80 304 348 212 256 120 164 28 72 296 340 204 248 112 156 20 64 288 332 196 240 104 148 12 56 280 324 188 232 96 140 4 48 272 316 180 224 88 132 356 40 264 308 172 216 80 124 348 32 256 300 164 208 72 116 340 24 248 292 156 200 64 108 332 16 240 284 148 192 56 100 324 8 232 276 140 184 48 92 316 0 224 268 132 176 40 84 308 352 216 260

ph5 = (360) 101 281
ph6 = (360) 292 112

ph7 = (360) 33 77 301 345 209 253 117 161 25 69 293 337 201 245 109 153 17 61 285 329 193 237 101 145 9 53 277 321 185 229 93 137 1 45 269 313 177 221 85 129 353 37 261 305 169 213 77 121 345 29 253 297 161 205 69 113 337 21 245 289 153 197 61 105 329 13 237 281 145 189 53 97 321 5 229 273 137 181 45 89 313 357 221 265 129 173 37 81 305 349 213 257 121 165 29 73 297 341 205 249
ph8 = (360) 134 178 42 86 310 354 218 262 126 170 34 78 302 346 210 254 118 162 26 70 294 338 202 246 110 154 18 62 286 330 194 238 102 146 10 54 278 322 186 230 94 138 2 46 270 314 178 222 86 130 354 38 262 306 170 214 78 122 346 30 254 298 162 206 70 114 338 22 246 290 154 198 62 106 330 14 238 282 146 190 54 98 322 6 230 274 138 182 46 90 314 358 222 266 130 174 38 82 306 350
ph9 = (360) 145 189 53 97 321 5 229 273 137 181 45 89 313 357 221 265 129 173 37 81 305 349 213 257 121 165 29 73 297 341 205 249 113 157 21 65 289 333 197 241 105 149 13 57 281 325 189 233 97 141 5 49 273 317 181 225 89 133 357 41 265 309 173 217 81 125 349 33 257 301 165 209 73 117 341 25 249 293 157 201 65 109 333 17 241 285 149 193 57 101 325 9 233 277 141 185 49 93 317 1
ph10 = (360) 66 110 334 18 242 286 150 194 58 102 326 10 234 278 142 186 50 94 318 2 226 270 134 178 42 86 310 354 218 262 126 170 34 78 302 346 210 254 118 162 26 70 294 338 202 246 110 154 18 62 286 330 194 238 102 146 10 54 278 322 186 230 94 138 2 46 270 314 178 222 86 130 354 38 262 306 170 214 78 122 346 30 254 298 162 206 70 114 338 22 246 290 154 198 62 106 330 14 238 282

ph11 = (360) 303 123

ph30 = (360) 90 270
ph31 = 0 2