; delay definitions
define delay tau1
"tau1=d3*(1+cnst1+2*cnst2)-p1/2"
define delay tau2
"tau2=d3*(1-cnst2)-p1"
define delay tau3 
"tau3 = 2*d3*(1-cnst2)-p1"
define delay tau1p 
"tau1p = d3*2*(1-cnst1+2*cnst2)-p1"
define delay tau1r
"tau1r=d3*(1-cnst1-2*cnst2)-p1/2"
define delay tau2r
"tau2r=d3*(1+cnst2)-p1"
define delay tau3r 
"tau3r = 2*d3*(1+cnst2)-p1"
define delay tau1pr 
"tau1pr = d3*2*(1+cnst1-2*cnst2)-p1"
"l1=0"  ; start the evolution counter at 0

1   ze

2
d1 rpp0 rpp1 rpp2 rpp3 rpp6 rpp7 rpp8 rpp9
100u pl2:f2


4
tau1
(p1 ph0^):f2
tau2
(p1 ph1^):f2
tau3
(p1 ph2^):f2
tau2
(p1 ph3^):f2
tau1p
(p1 ph0^):f2
tau2
(p1 ph1^):f2
tau3
(p1 ph2^):f2
tau2
(p1 ph3^):f2
tau1

lo to 4 times l1

1.5u
(p1 ph4):f2
2.5u
(p1 ph5):f2
1.5u

6
tau1r
(p1 ph6^):f2
tau2r
(p1 ph7^):f2
tau3r
(p1 ph8^):f2
tau2r
(p1 ph9^):f2
tau1pr
(p1 ph6^):f2
tau2r
(p1 ph7^):f2
tau3r
(p1 ph8^):f2
tau2r
(p1 ph9^):f2
tau1r

lo to 6 times l1


1m
(p1 ph30):f2

go=2 ph31
1m wr #0 if #0

50m ip5*18
50m ip6*18
50m ip7*18
50m ip8*18
50m ip9*18

lo to 2 times td2

1m iu1
1m iu1

50m ip4*192
50m ip5*192
50m ip6*192
50m ip7*192
50m ip8*192
50m ip9*192

lo to 2 times td1

exit

ph0 = (360) 0 48 276 324 192 240 108 156 24 72 300 348 216 264 132 180 48 96 324 12 240 288 156 204 72 120 348 36 264 312 180 228 96 144 12 60 288 336 204 252 120 168 36 84 312 0 228 276 144 192 60 108 336 24 252 300 168 216 84 132 0 48 276 324 192 240 108 156 24 72 300 348 216 264 132 180 48 96 324 12 240 288 156 204 72 120 348 36 264 312 180 228 96 144 12 60 288 336 204 252
ph1 = (360) 102 150 18 66 294 342 210 258 126 174 42 90 318 6 234 282 150 198 66 114 342 30 258 306 174 222 90 138 6 54 282 330 198 246 114 162 30 78 306 354 222 270 138 186 54 102 330 18 246 294 162 210 78 126 354 42 270 318 186 234 102 150 18 66 294 342 210 258 126 174 42 90 318 6 234 282 150 198 66 114 342 30 258 306 174 222 90 138 6 54 282 330 198 246 114 162 30 78 306 354
ph2 = (360) 114 162 30 78 306 354 222 270 138 186 54 102 330 18 246 294 162 210 78 126 354 42 270 318 186 234 102 150 18 66 294 342 210 258 126 174 42 90 318 6 234 282 150 198 66 114 342 30 258 306 174 222 90 138 6 54 282 330 198 246 114 162 30 78 306 354 222 270 138 186 54 102 330 18 246 294 162 210 78 126 354 42 270 318 186 234 102 150 18 66 294 342 210 258 126 174 42 90 318 6
ph3 = (360) 36 84 312 0 228 276 144 192 60 108 336 24 252 300 168 216 84 132 0 48 276 324 192 240 108 156 24 72 300 348 216 264 132 180 48 96 324 12 240 288 156 204 72 120 348 36 264 312 180 228 96 144 12 60 288 336 204 252 120 168 36 84 312 0 228 276 144 192 60 108 336 24 252 300 168 216 84 132 0 48 276 324 192 240 108 156 24 72 300 348 216 264 132 180 48 96 324 12 240 288

ph4 = (360) 90 270
ph5 = (360) 282 102

ph6 = (360) 24 72 300 348 216 264 132 180 48 96 324 12 240 288 156 204 72 120 348 36 264 312 180 228 96 144 12 60 288 336 204 252 120 168 36 84 312 0 228 276 144 192 60 108 336 24 252 300 168 216 84 132 0 48 276 324 192 240 108 156 24 72 300 348 216 264 132 180 48 96 324 12 240 288 156 204 72 120 348 36 264 312 180 228 96 144 12 60 288 336 204 252 120 168 36 84 312 0 228 276
ph7 = (360) 126 174 42 90 318 6 234 282 150 198 66 114 342 30 258 306 174 222 90 138 6 54 282 330 198 246 114 162 30 78 306 354 222 270 138 186 54 102 330 18 246 294 162 210 78 126 354 42 270 318 186 234 102 150 18 66 294 342 210 258 126 174 42 90 318 6 234 282 150 198 66 114 342 30 258 306 174 222 90 138 6 54 282 330 198 246 114 162 30 78 306 354 222 270 138 186 54 102 330 18
ph8 = (360) 138 186 54 102 330 18 246 294 162 210 78 126 354 42 270 318 186 234 102 150 18 66 294 342 210 258 126 174 42 90 318 6 234 282 150 198 66 114 342 30 258 306 174 222 90 138 6 54 282 330 198 246 114 162 30 78 306 354 222 270 138 186 54 102 330 18 246 294 162 210 78 126 354 42 270 318 186 234 102 150 18 66 294 342 210 258 126 174 42 90 318 6 234 282 150 198 66 114 342 30
ph9 = (360) 60 108 336 24 252 300 168 216 84 132 0 48 276 324 192 240 108 156 24 72 300 348 216 264 132 180 48 96 324 12 240 288 156 204 72 120 348 36 264 312 180 228 96 144 12 60 288 336 204 252 120 168 36 84 312 0 228 276 144 192 60 108 336 24 252 300 168 216 84 132 0 48 276 324 192 240 108 156 24 72 300 348 216 264 132 180 48 96 324 12 240 288 156 204 72 120 348 36 264 312

ph30 = (360) 90 270
ph31 = 0 2