; 20210621
; <wZR_phi^Z(wZ)>. Initial state and observable created by WHH8 (Nprep specifed in file name). 
; frame change with increment specifed in file name
; created by Pai Peng
 

define delay delay1
"delay1=d20-p1"

define delay delay11
"delay11=(2*d20-p1)/2"

define delay delay2
"delay2=(2*d20-p1)"

1  ze
   
2  d1 rpp20 rpp21 rpp22 rpp23 rpp10 rpp11 rpp12 rpp13
   1m pl2:f2

   (p1 ph4):f2

3
   delay11
   (p1 ph10^):f2
   delay1
   (p1 ph11^):f2
   delay2
   (p1 ph12^):f2 
   delay1
   (p1 ph13^):f2 ;4
   delay11

  lo to 3 times 36


   (p1 ph24):f2 
   2.5u
   (p1 ph25):f2 

5  delay11
   (p1 ph20^):f2
   delay1
   (p1 ph21^):f2
   delay2
   (p1 ph22^):f2 
   delay1
   (p1 ph23^):f2 ;4
   delay11

  lo to 5 times 36

   (p1 ph6):f2
   1m
   (p1 ph5):f2

   go=2 ph31


  1m wr #0 if #0

  ; encode along X
  5m ip20*30
  5m ip21*30
  5m ip22*30
  5m ip23*30
  5m ip25*30
  5m ip6*30
  lo to 2 times td2

  ; encode along Z
  5m ip20*30
  5m ip21*30
  5m ip22*30
  5m ip23*30
  ;5m ip25*30
  5m ip6*30
  lo to 2 times td1


  exit  


ph4 = (360) 260 260 80 80

ph10 = (360) 90 310 170 30 250 110 330 190 50 270 130 350 210 70 290 150 10 230 
ph11 = (360) 10 230 90 310 170 30 250 110 330 190 50 270 130 350 210 70 290 150 
ph12 = (360) 200 60 280 140 0 220 80 300 160 20 240 100 320 180 40 260 120 340 
ph13 = (360) 300 160 20 240 100 320 180 40 260 120 340 200 60 280 140 0 220 80 
 
ph24 = (360) {0}*4 {180}*4
ph25 = (360) {10}*4

ph20 = (360) 110 330 190 50 270 130 350 210 70 290 150 10 230 90 310 170 30 250 
ph21 = (360) 30 250 110 330 190 50 270 130 350 210 70 290 150 10 230 90 310 170 
ph22 = (360) 220 80 300 160 20 240 100 320 180 40 260 120 340 200 60 280 140 0 
ph23 = (360) 320 180 40 260 120 340 200 60 280 140 0 220 80 300 160 20 240 100 
 
ph6 = (360) {110}*2 {290}*2

ph5=  0 2
ph31= 3 1 3 1 1 3 1 3 